  71 174 137 240 161 223  66 220 105 125 212  72  10  22  42 190
  22  50 135  40 101  88  69  43 174 203 242  30  25 186  20 208
   8 242  89  56  58  92   2 228 228 107  52 219  78  73  93 240
  31 149 117  90 161 114 237 237 126  24 115 133  27  95 161  13
 186 117 202 168  49  96  18 196   4  91 232 141   3  95  96 135
 143  65  70 148  79  89 239 189 130   6  12  34 115 181  89 140
 181 218  87 176  89  75  60 177 117 230  45 180 124 203 251 108
 207  59  21 117 231 199  70  26  50  20 205  87 233 199 237 254
 195  92 173  12   6 144  57 201 243 190  64  62   9 253 150 209
  23  17  85 212 164 241
